30
0 0 0
0 1 37
0 2 195
0 3 448
0 4 806
0 5 599
0 6 469
0 7 987
0 8 482
0 9 1
0 10 395
0 11 684
0 12 742
0 13 562
0 14 987
0 15 881
0 16 773
0 17 155
0 18 293
0 19 699
0 20 398
0 21 540
0 22 775
0 23 511
0 24 330
0 25 512
0 26 296
0 27 281
0 28 639
0 29 17
1	0	133
1	1	0
1	2	981
1	3	146
1	4	478
1	5	295
1	6	425
1	7	909
1	8	922
1	9	691
1	10	686
1	11	431
1	12	155
1	13	632
1	14	977
1	15	737
1	16	133
1	17	487
1	18	265
1	19	11
1	20	907
1	21	301
1	22	139
1	23	49
1	24	985
1	25	592
1	26	439
1	27	382
1	28	722
1	29	579
2	0	942
2	1	568
2	2	0
2	3	426
2	4	596
2	5	958
2	6	814
2	7	141
2	8	509
2	9	40
2	10	778
2	11	742
2	12	530
2	13	131
2	14	131
2	15	815
2	16	960
2	17	399
2	18	232
2	19	6
2	20	26
2	21	654
2	22	35
2	23	950
2	24	163
2	25	766
2	26	186
2	27	655
2	28	800
2	29	719
3	0	118
3	1	188
3	2	959
3	3	0
3	4	972
3	5	826
3	6	873
3	7	755
3	8	623
3	9	934
3	10	710
3	11	162
3	12	459
3	13	593
3	14	671
3	15	291
3	16	347
3	17	756
3	18	588
3	19	753
3	20	595
3	21	345
3	22	837
3	23	612
3	24	825
3	25	904
3	26	683
3	27	834
3	28	645
3	29	378
4	0	157
4	1	127
4	2	890
4	3	768
4	4	0
4	5	606
4	6	542
4	7	491
4	8	552
4	9	576
4	10	237
4	11	100
4	12	911
4	13	555
4	14	358
4	15	436
4	16	21
4	17	199
4	18	87
4	19	934
4	20	868
4	21	29
4	22	503
4	23	717
4	24	330
4	25	309
4	26	92
4	27	65
4	28	539
4	29	733
5	0	364
5	1	542
5	2	877
5	3	787
5	4	313
5	5	0
5	6	697
5	7	287
5	8	195
5	9	144
5	10	774
5	11	996
5	12	617
5	13	992
5	14	185
5	15	130
5	16	882
5	17	173
5	18	602
5	19	167
5	20	376
5	21	807
5	22	395
5	23	653
5	24	854
5	25	571
5	26	785
5	27	97
5	28	872
5	29	684
6	0	554
6	1	520
6	2	233
6	3	213
6	4	336
6	5	694
6	6	0
6	7	331
6	8	205
6	9	541
6	10	712
6	11	34
6	12	170
6	13	733
6	14	168
6	15	813
6	16	952
6	17	851
6	18	877
6	19	132
6	20	89
6	21	4
6	22	780
6	23	743
6	24	340
6	25	700
6	26	405
6	27	406
6	28	188
6	29	281
7	0	977
7	1	738
7	2	760
7	3	1000
7	4	132
7	5	346
7	6	811
7	7	0
7	8	689
7	9	930
7	10	128
7	11	96
7	12	171
7	13	778
7	14	655
7	15	738
7	16	638
7	17	726
7	18	832
7	19	936
7	20	12
7	21	512
7	22	629
7	23	688
7	24	895
7	25	709
7	26	509
7	27	38
7	28	115
7	29	262
8	0	360
8	1	705
8	2	9
8	3	739
8	4	124
8	5	878
8	6	524
8	7	666
8	8	0
8	9	34
8	10	375
8	11	957
8	12	355
8	13	368
8	14	329
8	15	631
8	16	774
8	17	871
8	18	60
8	19	98
8	20	115
8	21	565
8	22	809
8	23	527
8	24	893
8	25	483
8	26	587
8	27	776
8	28	602
8	29	987
9	0	440
9	1	265
9	2	192
9	3	692
9	4	95
9	5	190
9	6	856
9	7	745
9	8	61
9	9	0
9	10	788
9	11	964
9	12	90
9	13	969
9	14	358
9	15	236
9	16	655
9	17	134
9	18	462
9	19	655
9	20	871
9	21	59
9	22	287
9	23	966
9	24	737
9	25	889
9	26	461
9	27	47
9	28	737
9	29	627
10	0	685
10	1	865
10	2	270
10	3	243
10	4	462
10	5	227
10	6	888
10	7	706
10	8	821
10	9	23
10	10	0
10	11	559
10	12	334
10	13	387
10	14	220
10	15	406
10	16	820
10	17	385
10	18	418
10	19	807
10	20	727
10	21	139
10	22	401
10	23	552
10	24	254
10	25	425
10	26	729
10	27	782
10	28	604
10	29	593
11	0	94
11	1	765
11	2	312
11	3	735
11	4	863
11	5	167
11	6	517
11	7	274
11	8	951
11	9	402
11	10	257
11	11	0
11	12	275
11	13	923
11	14	755
11	15	505
11	16	476
11	17	23
11	18	502
11	19	881
11	20	470
11	21	650
11	22	914
11	23	651
11	24	776
11	25	631
11	26	107
11	27	881
11	28	500
11	29	572
12	0	961
12	1	398
12	2	177
12	3	420
12	4	924
12	5	496
12	6	910
12	7	375
12	8	377
12	9	180
12	10	343
12	11	230
12	12	0
12	13	375
12	14	94
12	15	153
12	16	240
12	17	4
12	18	195
12	19	657
12	20	661
12	21	298
12	22	644
12	23	904
12	24	167
12	25	644
12	26	376
12	27	65
12	28	460
12	29	862
13	0	269
13	1	251
13	2	518
13	3	724
13	4	889
13	5	948
13	6	100
13	7	454
13	8	325
13	9	96
13	10	299
13	11	924
13	12	713
13	13	0
13	14	464
13	15	204
13	16	591
13	17	688
13	18	385
13	19	934
13	20	943
13	21	121
13	22	113
13	23	665
13	24	139
13	25	203
13	26	997
13	27	520
13	28	798
13	29	139
14	0	479
14	1	608
14	2	365
14	3	468
14	4	392
14	5	837
14	6	334
14	7	279
14	8	381
14	9	568
14	10	624
14	11	420
14	12	380
14	13	607
14	14	0
14	15	838
14	16	133
14	17	897
14	18	517
14	19	695
14	20	387
14	21	589
14	22	749
14	23	926
14	24	632
14	25	990
14	26	605
14	27	69
14	28	569
14	29	493
15	0	649
15	1	115
15	2	42
15	3	713
15	4	765
15	5	720
15	6	125
15	7	89
15	8	691
15	9	733
15	10	6
15	11	203
15	12	546
15	13	134
15	14	322
15	15	0
15	16	583
15	17	544
15	18	82
15	19	211
15	20	945
15	21	806
15	22	646
15	23	416
15	24	666
15	25	983
15	26	14
15	27	484
15	28	32
15	29	143
16	0	356
16	1	231
16	2	240
16	3	221
16	4	330
16	5	393
16	6	382
16	7	199
16	8	174
16	9	608
16	10	693
16	11	20
16	12	661
16	13	655
16	14	146
16	15	210
16	16	0
16	17	765
16	18	175
16	19	56
16	20	88
16	21	736
16	22	943
16	23	774
16	24	434
16	25	439
16	26	130
16	27	655
16	28	508
16	29	217
17	0	880
17	1	466
17	2	327
17	3	267
17	4	974
17	5	101
17	6	201
17	7	477
17	8	304
17	9	969
17	10	614
17	11	956
17	12	381
17	13	711
17	14	689
17	15	22
17	16	114
17	17	0
17	18	962
17	19	617
17	20	274
17	21	666
17	22	715
17	23	652
17	24	429
17	25	269
17	26	483
17	27	476
17	28	60
17	29	513
18	0	839
18	1	29
18	2	989
18	3	746
18	4	132
18	5	141
18	6	90
18	7	936
18	8	118
18	9	686
18	10	446
18	11	536
18	12	19
18	13	266
18	14	362
18	15	636
18	16	36
18	17	878
18	18	0
18	19	506
18	20	983
18	21	678
18	22	377
18	23	550
18	24	215
18	25	334
18	26	36
18	27	15
18	28	42
18	29	424
19	0	956
19	1	699
19	2	930
19	3	92
19	4	608
19	5	972
19	6	267
19	7	870
19	8	302
19	9	413
19	10	928
19	11	932
19	12	982
19	13	789
19	14	590
19	15	586
19	16	317
19	17	94
19	18	162
19	19	0
19	20	426
19	21	721
19	22	454
19	23	227
19	24	106
19	25	575
19	26	9
19	27	413
19	28	84
19	29	634
20	0	505
20	1	250
20	2	777
20	3	329
20	4	216
20	5	126
20	6	487
20	7	427
20	8	984
20	9	667
20	10	155
20	11	307
20	12	642
20	13	993
20	14	442
20	15	935
20	16	774
20	17	56
20	18	930
20	19	449
20	20	0
20	21	845
20	22	476
20	23	230
20	24	200
20	25	976
20	26	87
20	27	601
20	28	944
20	29	243
21	0	710
21	1	323
21	2	888
21	3	251
21	4	483
21	5	369
21	6	219
21	7	846
21	8	482
21	9	144
21	10	803
21	11	271
21	12	244
21	13	975
21	14	732
21	15	780
21	16	221
21	17	724
21	18	507
21	19	691
21	20	206
21	21	0
21	22	463
21	23	725
21	24	136
21	25	194
21	26	365
21	27	287
21	28	321
21	29	238
22	0	72
22	1	290
22	2	922
22	3	352
22	4	638
22	5	989
22	6	374
22	7	653
22	8	745
22	9	403
22	10	168
22	11	511
22	12	335
22	13	460
22	14	990
22	15	648
22	16	972
22	17	779
22	18	453
22	19	813
22	20	198
22	21	608
22	22	0
22	23	413
22	24	836
22	25	945
22	26	696
22	27	405
22	28	663
22	29	545
23	0	334
23	1	494
23	2	191
23	3	238
23	4	163
23	5	943
23	6	572
23	7	131
23	8	834
23	9	443
23	10	968
23	11	490
23	12	50
23	13	312
23	14	609
23	15	835
23	16	39
23	17	962
23	18	419
23	19	819
23	20	75
23	21	177
23	22	393
23	23	0
23	24	35
23	25	174
23	26	191
23	27	367
23	28	928
23	29	766
24	0	340
24	1	832
24	2	760
24	3	715
24	4	127
24	5	956
24	6	136
24	7	777
24	8	828
24	9	28
24	10	963
24	11	232
24	12	411
24	13	146
24	14	801
24	15	198
24	16	422
24	17	60
24	18	527
24	19	871
24	20	656
24	21	763
24	22	861
24	23	719
24	24	0
24	25	891
24	26	574
24	27	831
24	28	497
24	29	719
25	0	183
25	1	458
25	2	797
25	3	470
25	4	381
25	5	997
25	6	721
25	7	591
25	8	945
25	9	886
25	10	191
25	11	373
25	12	489
25	13	141
25	14	351
25	15	790
25	16	886
25	17	308
25	18	500
25	19	372
25	20	283
25	21	251
25	22	989
25	23	439
25	24	589
25	25	0
25	26	991
25	27	580
25	28	727
25	29	768
26	0	517
26	1	801
26	2	438
26	3	230
26	4	16
26	5	973
26	6	1
26	7	94
26	8	225
26	9	694
26	10	371
26	11	134
26	12	692
26	13	721
26	14	550
26	15	777
26	16	561
26	17	429
26	18	83
26	19	592
26	20	142
26	21	200
26	22	720
26	23	335
26	24	911
26	25	396
26	26	0
26	27	67
26	28	787
26	29	790
27	0	845
27	1	32
27	2	253
27	3	524
27	4	75
27	5	86
27	6	860
27	7	716
27	8	911
27	9	899
27	10	488
27	11	620
27	12	426
27	13	679
27	14	463
27	15	106
27	16	624
27	17	654
27	18	954
27	19	295
27	20	726
27	21	469
27	22	337
27	23	262
27	24	374
27	25	927
27	26	663
27	27	0
27	28	823
27	29	582
28	0	428
28	1	765
28	2	908
28	3	817
28	4	649
28	5	483
28	6	202
28	7	150
28	8	511
28	9	924
28	10	753
28	11	18
28	12	234
28	13	688
28	14	41
28	15	798
28	16	325
28	17	500
28	18	534
28	19	12
28	20	705
28	21	758
28	22	134
28	23	727
28	24	728
28	25	88
28	26	21
28	27	415
28	28	0
28	29	815
29	0	101
29	1	320
29	2	290
29	3	532
29	4	228
29	5	699
29	6	962
29	7	435
29	8	655
29	9	479
29	10	28
29	11	723
29	12	119
29	13	96
29	14	103
29	15	759
29	16	553
29	17	758
29	18	670
29	19	835
29	20	346
29	21	997
29	22 28
29	23	93
29	24	297
29	25	376
29	26	597
29	27	424
29	28	170
29	29	0
